Note	Type	Level	Build Cost Elixir	Build Cost Gold	Build Cost Gem	Build Time (minutes)	Experience Gained	Capacity	Production Rate	Hit Points	Town Hall level Required	Boost Cost (gems)	Max Level	Object Type	Collectable point
Gold Mine	13	1	150			1	7	500	200	400	1		11	1	6
Gold Mine	13	2	300			5	17	1000	400	450	1		11	1	15
Gold Mine	13	3	700			15	30	1500	600	500	2		11	1	25
Gold Mine	13	4	1400			60	60	2500	800	550	2		11	1	40
Gold Mine	13	5	3000			240	120	10000	1000	590	3	10	11	1	60
Gold Mine	13	6	7000			720	207	20000	1300	610	3	12	11	1	100
Gold Mine	13	7	14000			1440	293	30000	1600	630	4	14	11	1	160
Gold Mine	13	8	28000			2880	415	50000	1900	660	4	16	11	1	220
Gold Mine	13	9	56000			4320	509	75000	2200	680	5	17	11	1	300
Gold Mine	13	10	84000			5760	587	100000	2500	710	5	19	11	1	400
Gold Mine	13	11	168000			7200	657	150000	3000	750	7	20	11	1	500
Elixir Collector	14	1		150		1	7	500	200	400	1		11	1	6
Elixir Collector	14	2		300		5	17	1000	400	450	1		11	1	15
Elixir Collector	14	3		700		15	30	1500	600	500	2		11	1	25
Elixir Collector	14	4		1400		60	60	2500	800	550	2		11	1	40
Elixir Collector	14	5		3000		240	120	10000	1000	590	3	10	11	1	60
Elixir Collector	14	6		7000		720	207	20000	1300	610	3	12	11	1	100
Elixir Collector	14	7		14000		1440	293	30000	1600	630	4	14	11	1	160
Elixir Collector	14	8		28000		2880	415	50000	1900	660	4	16	11	1	220
Elixir Collector	14	9		56000		4320	509	75000	2200	680	5	17	11	1	300
Elixir Collector	14	10		84000		5760	587	100000	2500	710	5	19	11	1	400
Elixir Collector	14	11		168000		7200	657	150000	3000	750	7	20	11	1	500
Dark Elixir Drill	15	1	1000000			1440	293	120	20	400	8	16	6	1	1
Dark Elixir Drill	15	2	2000000			2880	415	240	30	480	8	20	6	1	1
Dark Elixir Drill	15	3	3000000			4320	509	450	45	580	8	26	6	1	1
Dark Elixir Drill	15	4	4000000			5760	587	720	60	690	9	32	6	1	1
Dark Elixir Drill	15	5	6000000			8640	720	1120	80	830	9	40	6	1	1
Dark Elixir Drill	15	6	8000000			11520	831	1600	100	1000	9	48	6	1	1
Gold Storage	16	1	300			15	30	1500		400	1		11	1	
Gold Storage	16	2	750			30	42	3000		600	2		11	1	
Gold Storage	16	3	1500			60	60	6000		800	2		11	1	
Gold Storage	16	4	3000			120	84	12000		1000	3		11	1
Gold Storage	16	5	6000			180	103	25000		1200	3		11	1
Gold Storage	16	6	12000			240	120	50000		1500	3		11	1
Gold Storage	16	7	25000			360	146	100000		1650	4		11	1
Gold Storage	16	8	50000			480	169	250000		1740	4		11	1
Gold Storage	16	9	100000			720	207	500000		1820	5		11	1
Gold Storage	16	10	250000			1440	293	1000000		1920	6		11	1
Gold Storage	16	11	500000			2880	415	2000000		2016	7		11	1
Elixir Storage	17	1		300		15	30	1500		400	1		11	1
Elixir Storage	17	2		750		30	42	3000		600	2		11	1
Elixir Storage	17	3		1500		60	60	6000		800	2		11	1
Elixir Storage	17	4		3000		120	84	12000		1000	3		11	1
Elixir Storage	17	5		6000		180	103	25000		1200	3		11	1
Elixir Storage	17	6		12000		240	120	50000		1500	3		11	1
Elixir Storage	17	7		25000		360	146	100000		1650	4		11	1
Elixir Storage	17	8		50000		480	169	250000		1740	4		11	1
Elixir Storage	17	9		100000		720	207	500000		1820	5		11	1
Elixir Storage	17	10		250000		1440	293	1000000		1920	6		11	1
Elixir Storage	17	11		500000		2880	415	2000000		2016	7		11	1
Dark Elixir Storage	18	1		600000		1440	293	10000		1500	7		6	1
Dark Elixir Storage	18	2		1200000		2880	415	20000		1650	7		6	1
Dark Elixir Storage	18	3		1800000		4320	509	40000		2000	8		6	1
Dark Elixir Storage	18	4		2400000		5760	587	80000		2200	8		6	1
Dark Elixir Storage	18	5		3000000		7200	657	150000		2400	9		6	1
Dark Elixir Storage	18	6		3600000		8640	720	200000		3000	9		6	1
Builder\’s hut	19	1			250					250			5	1
Builder\’s hut	19	2			250					250			5	1
Builder\’s hut	19	3			500					250			5	1
Builder\’s hut	19	4			1000					250			5	1
Builder\’s hut	19	5			2000					250			5	1